222
5 100 100 0 0
5 131 100 0 0
5 162 100 0 0
5 193 100 0 0
5 224 100 0 0
5 255 100 0 0
5 286 100 0 0
5 317 100 0 0
5 348 100 0 0
5 379 100 0 0
5 410 100 0 0
5 441 100 0 0
5 472 100 0 0
5 503 100 0 0
5 534 100 0 0
5 565 100 0 0
5 596 100 0 0
5 100 125 0 0
5 131 125 0 0
5 162 125 0 0
5 193 125 0 0
5 224 125 0 0
5 255 125 0 0
5 286 125 0 0
5 317 125 0 0
5 348 125 0 0
5 379 125 0 0
5 410 125 0 0
5 441 125 0 0
5 472 125 0 0
5 503 125 0 0
5 534 125 0 0
5 565 125 0 0
5 596 125 0 0
5 100 150 0 0
5 131 150 0 0
5 162 150 0 0
5 193 150 0 0
5 224 150 0 0
5 255 150 0 0
5 286 150 0 0
5 317 150 0 0
5 348 150 0 0
5 379 150 0 0
5 410 150 0 0
5 441 150 0 0
5 472 150 0 0
5 503 150 0 0
5 534 150 0 0
5 565 150 0 0
5 596 150 0 0
5 100 175 0 0
5 131 175 0 0
5 162 175 0 0
5 193 175 0 0
5 224 175 0 0
5 255 175 0 0
5 286 175 0 0
5 317 175 0 0
5 348 175 0 0
5 379 175 0 0
5 410 175 0 0
5 441 175 0 0
5 472 175 0 0
5 503 175 0 0
5 534 175 0 0
5 565 175 0 0
5 596 175 0 0
5 100 200 0 0
5 131 200 0 0
5 162 200 0 0
5 193 200 0 0
5 224 200 0 0
5 255 200 0 0
5 286 200 0 0
5 317 200 0 0
5 348 200 0 0
5 379 200 0 0
5 410 200 0 0
5 441 200 0 0
5 472 200 0 0
5 503 200 0 0
5 534 200 0 0
5 565 200 0 0
5 596 200 0 0
5 100 225 0 0
5 131 225 0 0
5 162 225 0 0
5 193 225 0 0
5 224 225 0 0
5 255 225 0 0
5 286 225 0 0
5 317 225 0 0
5 348 225 0 0
5 379 225 0 0
5 410 225 0 0
5 441 225 0 0
5 472 225 0 0
5 503 225 0 0
5 534 225 0 0
5 565 225 0 0
5 596 225 0 0
5 100 250 0 0
5 131 250 0 0
5 162 250 0 0
5 193 250 0 0
5 224 250 0 0
5 255 250 0 0
5 286 250 0 0
5 317 250 0 0
5 348 250 0 0
5 379 250 0 0
5 410 250 0 0
5 441 250 0 0
5 472 250 0 0
5 503 250 0 0
5 534 250 0 0
5 565 250 0 0
5 596 250 0 0
5 100 275 0 0
5 131 275 0 0
5 162 275 0 0
5 193 275 0 0
5 224 275 0 0
5 255 275 0 0
5 286 275 0 0
5 317 275 0 0
5 348 275 0 0
5 379 275 0 0
5 410 275 0 0
5 441 275 0 0
5 472 275 0 0
5 503 275 0 0
5 534 275 0 0
5 565 275 0 0
5 596 275 0 0
5 100 300 0 0
5 131 300 0 0
5 162 300 0 0
5 193 300 0 0
5 224 300 0 0
5 255 300 0 0
5 286 300 0 0
5 317 300 0 0
5 348 300 0 0
5 379 300 0 0
5 410 300 0 0
5 441 300 0 0
5 472 300 0 0
5 503 300 0 0
5 534 300 0 0
5 565 300 0 0
5 596 300 0 0
5 100 325 0 0
5 131 325 0 0
5 162 325 0 0
5 193 325 0 0
5 224 325 0 0
5 255 325 0 0
5 286 325 0 0
5 317 325 0 0
5 348 325 0 0
5 379 325 0 0
5 410 325 0 0
5 441 325 0 0
5 472 325 0 0
5 503 325 0 0
5 534 325 0 0
5 565 325 0 0
5 596 325 0 0
5 100 350 0 0
5 131 350 0 0
5 162 350 0 0
5 193 350 0 0
5 224 350 0 0
5 255 350 0 0
5 286 350 0 0
5 317 350 0 0
5 348 350 0 0
5 379 350 0 0
5 410 350 0 0
5 441 350 0 0
5 472 350 0 0
5 503 350 0 0
5 534 350 0 0
5 565 350 0 0
5 596 350 0 0
5 100 375 0 0
5 131 375 0 0
5 162 375 0 0
5 193 375 0 0
5 224 375 0 0
5 255 375 0 0
5 286 375 0 0
5 317 375 0 0
5 348 375 0 0
5 379 375 0 0
5 410 375 0 0
5 441 375 0 0
5 472 375 0 0
5 503 375 0 0
5 534 375 0 0
5 565 375 0 0
5 596 375 0 0
5 100 400 0 0
5 131 400 0 0
5 162 400 0 0
5 193 400 0 0
5 224 400 0 0
5 255 400 0 0
5 286 400 0 0
5 317 400 0 0
5 348 400 0 0
5 379 400 0 0
5 410 400 0 0
5 441 400 0 0
5 472 400 0 0
5 503 400 0 0
5 534 400 0 0
5 565 400 0 0
5 596 400 0 0
50 350 500 0 -4
